第1幅图像的平均误差：0.0741033像素
第2幅图像的平均误差：0.0792824像素
第3幅图像的平均误差：0.0768531像素
第4幅图像的平均误差：0.0794686像素
第5幅图像的平均误差：0.101082像素
第6幅图像的平均误差：0.0787007像素
第7幅图像的平均误差：0.0759176像素
第8幅图像的平均误差：0.0686528像素
第9幅图像的平均误差：0.073583像素
第10幅图像的平均误差：0.0773978像素
第11幅图像的平均误差：0.0757752像素
第12幅图像的平均误差：0.0701849像素
总体平均误差：0.0775835像素

相机内参数矩阵：
[228.7574365416764, 0, 279.8579998175736;
 0, 232.6699649630497, 232.7320582296409;
 0, 0, 1]
畸变系数：
[-0.0874154, 0.0781037, -0.158698, 0.0927466]
第1幅图像的旋转向量：
[0.0704186, -3.02611, 0.147122]
第1幅图像的旋转矩阵：
[-0.9927597797953467, -0.05164457947667436, -0.1084474851316164;
 -0.04088101149781508, 0.9942243672729346, -0.09923028982950666;
 0.1129458388769157, -0.09407839779359473, -0.9891372465684324]
第1幅图像的平移向量：
[112.593, -82.7078, 219.405]
第2幅图像的旋转向量：
[-0.12944, 3.11203, -0.0795606]
第2幅图像的旋转矩阵：
[-0.9962144921431965, -0.08231528563444361, 0.02794421934485344;
 -0.08363563724161581, 0.9952448900373816, -0.04992683684822149;
 -0.02370159967306352, -0.0520749710071935, -0.9983618740554638]
第2幅图像的平移向量：
[141.41, -123.341, 201.639]
第3幅图像的旋转向量：
[0.0282157, -3.13733, 0.0960613]
第3幅图像的旋转矩阵：
[-0.9998348333083137, -0.01805046974489539, -0.002118170277690657;
 -0.01788706602697585, 0.9979652818641301, -0.06119925704444737;
 0.003218535735902655, -0.06115126111401424, -0.9981233211842525]
第3幅图像的平移向量：
[120.989, -125.266, 182.955]
第4幅图像的旋转向量：
[-0.0921704, 3.05283, -0.110457]
第4幅图像的旋转矩阵：
[-0.9945420117710039, -0.05705820536454867, 0.08735300809394912;
 -0.06322191713208203, 0.99557658188772, -0.06950006324391432;
 -0.08300106033436382, -0.07464335735576828, -0.9937500657539754]
第4幅图像的平移向量：
[121.13, -120.611, 214.772]
第5幅图像的旋转向量：
[-0.229618, 2.87994, -0.0870052]
第5幅图像的旋转矩阵：
[-0.9561892278905252, -0.1483430315463321, 0.2523816662473037;
 -0.1633078952699054, 0.9857922073457626, -0.03929701361278172;
 -0.2429664417334935, -0.07879129982436808, -0.9668294778622296]
第5幅图像的平移向量：
[148.719, -119.651, 226.732]
第6幅图像的旋转向量：
[-0.126534, 3.10327, -0.154318]
第6幅图像的旋转矩阵：
[-0.9961802328563685, -0.07960854879580409, 0.03588067202349428;
 -0.08277551382597723, 0.9917654268585616, -0.09772181127517199;
 -0.02780571842403897, -0.100318577774413, -0.9945667523983707]
第6幅图像的平移向量：
[144.833, -119.533, 235.681]
第7幅图像的旋转向量：
[0.0136929, -2.66251, 0.0990866]
第7幅图像的旋转矩阵：
[-0.8882306403053301, -0.02677861285081741, -0.4586166542075957;
 0.007383597623220908, 0.9973385488830006, -0.07253482886233435;
 0.4593384505012853, -0.0678138983228055, -0.8856689353733382]
第7幅图像的平移向量：
[137.709, -128.915, 150.418]
第8幅图像的旋转向量：
[0.050037, -2.73635, -0.0495404]
第8幅图像的旋转矩阵：
[-0.9187210914043513, -0.02795418997907756, -0.3939163863961628;
 -0.04219456398808295, 0.9987299243631117, 0.0275346500161025;
 0.3926463739532723, 0.04191779388597783, -0.9187337609868702]
第8幅图像的平移向量：
[125.259, -130.986, 141.989]
第9幅图像的旋转向量：
[0.180665, -2.9452, -0.470943]
第9幅图像的旋转矩阵：
[-0.980971310755691, -0.09438756260176451, -0.1696651864713548;
 -0.1425880192278284, 0.9433437143214191, 0.2996185799027731;
 0.1317723197296992, 0.3181094539248527, -0.9388516555221522]
第9幅图像的平移向量：
[121.463, -97.5243, 121.915]
第10幅图像的旋转向量：
[0.192283, -3.05398, -0.536357]
第10幅图像的旋转矩阵：
[-0.9917311982307355, -0.1156230346005079, -0.05568253160192455;
 -0.127677156697421, 0.932745191134771, 0.3371719918270537;
 0.01295276470456341, 0.3414933707771357, -0.9397949263545627]
第10幅图像的平移向量：
[92.5527, -105.302, 160.55]
第11幅图像的旋转向量：
[-0.314046, 2.99255, 0.518948]
第11幅图像的旋转矩阵：
[-0.9749989965809691, -0.2161779819212688, 0.05142019835192213;
 -0.1862424823383549, 0.9212260675939157, 0.3415498062624207;
 -0.1212051749660509, 0.323434093004892, -0.9384560155082133]
第11幅图像的平移向量：
[79.9064, -68.0942, 195.872]
第12幅图像的旋转向量：
[-0.327669, 3.05986, 0.511152]
第12幅图像的旋转矩阵：
[-0.9776928733754658, -0.2096514335170268, -0.01276408144289556;
 -0.2024167723836297, 0.9242454589726769, 0.3237248551257373;
 -0.05607223563064902, 0.3190871479590512, -0.9460651649853404]
第12幅图像的平移向量：
[113.579, -50.3224, 185.518]

