第1幅图像的平均误差：0.148761像素
第2幅图像的平均误差：0.0831653像素
第3幅图像的平均误差：0.347916像素
第4幅图像的平均误差：0.134843像素
第5幅图像的平均误差：0.136708像素
第6幅图像的平均误差：0.327318像素
第7幅图像的平均误差：0.136816像素
第8幅图像的平均误差：0.072494像素
第9幅图像的平均误差：0.103932像素
第10幅图像的平均误差：0.108096像素
第11幅图像的平均误差：0.0754784像素
第12幅图像的平均误差：0.0739694像素
第13幅图像的平均误差：0.31425像素
第14幅图像的平均误差：0.158373像素
第15幅图像的平均误差：0.0905068像素
第16幅图像的平均误差：0.105787像素
总体平均误差：0.151151像素

相机内参数矩阵：
[231.9951620402049, 0, 300.836692561697;
 0, 234.3822822406889, 275.8653467251771;
 0, 0, 1]
畸变系数：
[-0.0797442, 0.0959548, -0.161391, 0.0746264]
第1幅图像的旋转向量：
[1.63217, 2.67442, 0.0834972]
第1幅图像的旋转矩阵：
[-0.4576112190920327, 0.8885014531367536, 0.03401675961906343;
 0.8888930258137552, 0.4562188326274153, 0.0416361071156469;
 0.02147465531203328, 0.04929041012160608, -0.9985536012900226]
第1幅图像的平移向量：
[-22.601, -156.782, 204.487]
第2幅图像的旋转向量：
[-0.0384646, 3.01621, 0.647049]
第2幅图像的旋转矩阵：
[-0.9980923468084038, -0.03620845215244844, 0.05000615197370054;
 -0.01251130309808008, 0.9117816091291713, 0.4104847921039308;
 -0.06045770866714149, 0.4090760873560604, -0.9104952609520688]
第2幅图像的平移向量：
[148.209, -95.537, 217.172]
第3幅图像的旋转向量：
[-0.283969, -2.77994, -0.727273]
第3幅图像的旋转矩阵：
[-0.9488570217463678, 0.2496362086955875, -0.1932669542128351;
 0.1230084041972558, 0.8561271064778495, 0.5019116556234855;
 0.2907564010979939, 0.452468939112904, -0.8430495681504057]
第3幅图像的平移向量：
[21.5149, -87.1517, 162.89]
第4幅图像的旋转向量：
[-0.361277, -2.99995, -0.705334]
第4幅图像的旋转矩阵：
[-0.9721463555393087, 0.233863352155418, 0.0154724248348714;
 0.2162566948078143, 0.8695886846117491, 0.4439015223515322;
 0.09035765248411257, 0.4348832626278447, -0.8959419861373399]
第4幅图像的平移向量：
[36.787, -75.8936, 167.761]
第5幅图像的旋转向量：
[0.508873, 2.89022, 0.536175]
第5幅图像的旋转矩阵：
[-0.9296626102767018, 0.3001079399032186, 0.2136882202194481;
 0.3567848596736337, 0.8779712165318467, 0.3191725346098162;
 -0.09182589482915335, 0.3729634933188969, -0.9232909821341213]
第5幅图像的平移向量：
[71.6995, -62.3586, 186.284]
第6幅图像的旋转向量：
[0.119766, 2.93232, 0.936291]
第6幅图像的旋转矩阵：
[-0.9951143619821249, 0.05539205994100924, 0.08172592166748684;
 0.09250389146748794, 0.8123917345074692, 0.5757279737578479;
 -0.03450270482556068, 0.580475141069312, -0.8135466636648956]
第6幅图像的平移向量：
[102.723, -42.717, 166.438]
第7幅图像的旋转向量：
[0.154926, 3.04481, 0.634794]
第7幅图像的旋转矩阵：
[-0.9946739709928211, 0.09166913448430678, 0.04712177004602797;
 0.102861995917812, 0.9119627799701852, 0.3971691047209673;
 -0.006565152334613408, 0.3999008098665827, -0.916534909887711]
第7幅图像的平移向量：
[103.235, -57.5362, 194.738]
第8幅图像的旋转向量：
[0.241801, -3.09356, -0.34772]
第8幅图像的旋转矩阵：
[-0.9878234007672417, -0.1512998830685448, -0.03623912637034869;
 -0.1555695276654154, 0.9632063682294476, 0.2191611604828675;
 0.001746699344767136, 0.2221302266367239, -0.9750154416498832]
第8幅图像的平移向量：
[84.5484, -119.452, 268.924]
第9幅图像的旋转向量：
[0.366503, 2.63391, 0.224044]
第9幅图像的旋转矩阵：
[-0.8546077495900741, 0.2179743829466134, 0.4713096251082002;
 0.2944472667812687, 0.9510263223609607, 0.09407306342214429;
 -0.4277223415086351, 0.219171399949057, -0.8769364264407888]
第9幅图像的平移向量：
[11.2444, -139.437, 254.685]
第10幅图像的旋转向量：
[0.0910226, 2.55517, 0.506431]
第10幅图像的旋转矩阵：
[-0.8579331934266189, -0.03539972634625092, 0.5125402374364516;
 0.1627665481851473, 0.9275054186912817, 0.3365126284260407;
 -0.4872963024779644, 0.3721297591874654, -0.7899757945142264]
第10幅图像的平移向量：
[-35.3609, -137.789, 220.827]
第11幅图像的旋转向量：
[-0.18669, 3.03663, 0.601135]
第11幅图像的旋转矩阵：
[-0.9919386835500287, -0.1256754938662026, 0.01622708595288279;
 -0.110014461950344, 0.9176373757591498, 0.38188802648373;
 -0.06288454689995371, 0.3770242921236612, -0.9240661323248677]
第11幅图像的平移向量：
[101.225, -143.272, 173.133]
第12幅图像的旋转向量：
[0.00765787, 2.86108, 0.739899]
第12幅图像的旋转矩阵：
[-0.9826682298657725, -0.04142023539695584, 0.1806862311083218;
 0.05136840580006084, 0.8757011901031834, 0.4801132288715124;
 -0.1781135505738668, 0.4810735803923655, -0.8583960469098404]
第12幅图像的平移向量：
[59.0139, -141.692, 222.111]
第13幅图像的旋转向量：
[0.125699, 2.84684, 0.71561]
第13幅图像的旋转矩阵：
[-0.9757424071210186, 0.03282883086008895, 0.2164463508817832;
 0.131275854795042, 0.8789554435290142, 0.458480073982006;
 -0.175195333538058, 0.4757726307334989, -0.8619437330542025]
第13幅图像的平移向量：
[-9.88526, -135.743, 356.399]
第14幅图像的旋转向量：
[0.118341, -2.97849, -0.602267]
第14幅图像的旋转矩阵：
[-0.9919311237757362, -0.05616028022016876, -0.1136603211793691;
 -0.09590812584876413, 0.9187340519079837, 0.3830527029808234;
 0.08291126027978849, 0.3908628465207833, -0.9167071277831802]
第14幅图像的平移向量：
[86.5822, -31.294, 221.13]
第15幅图像的旋转向量：
[0.296898, 2.94852, -0.44372]
第15幅图像的旋转矩阵：
[-0.9699553367533772, 0.2153858215989169, 0.1131176049861484;
 0.1725541512568096, 0.9368427198047786, -0.3042216021797694;
 -0.1714984244466544, -0.2755624542693423, -0.9458613134119461]
第15幅图像的平移向量：
[43.5956, -109.141, 311.907]
第16幅图像的旋转向量：
[-0.617319, -2.74909, -0.27014]
第16幅图像的旋转矩阵：
[-0.8591403450025008, 0.4427015209013139, -0.2566967685434459;
 0.3842673952951702, 0.8893701313621899, 0.2477081717543168;
 0.3379592231350541, 0.1141758855120653, -0.9342095218233898]
第16幅图像的平移向量：
[37.094, -119.702, 202.18]

