第1幅图像的平均误差：0.0936817像素
第2幅图像的平均误差：0.274403像素
第3幅图像的平均误差：0.146486像素
第4幅图像的平均误差：0.176827像素
第5幅图像的平均误差：0.0873261像素
第6幅图像的平均误差：0.1003像素
第7幅图像的平均误差：0.163282像素
第8幅图像的平均误差：0.0954574像素
第9幅图像的平均误差：0.12113像素
第10幅图像的平均误差：0.0809422像素
第11幅图像的平均误差：0.201181像素
第12幅图像的平均误差：0.0923654像素
总体平均误差：0.136115像素

相机内参数矩阵：
[230.0115266369131, 0, 321.9881951948702;
 0, 232.5766417127015, 214.9958014488319;
 0, 0, 1]
畸变系数：
[-0.106902, 0.112763, -0.127697, 0.0518379]
第1幅图像的旋转向量：
[0.42724, -3.08157, -0.20028]
第1幅图像的旋转矩阵：
[-0.9621516800280147, -0.2693469238812316, -0.04142920726959393;
 -0.2724435668810027, 0.9541887430415362, 0.1236864807404951;
 0.006216710096633556, 0.1302922762428006, -0.9914561388518628]
第1幅图像的平移向量：
[211.095, -97.8204, 226.702]
第2幅图像的旋转向量：
[-0.410992, 2.7785, 0.180935]
第2幅图像的旋转矩阵：
[-0.9054807246335738, -0.3013178938703328, 0.2988514416070385;
 -0.2600153006092172, 0.9504378718912592, 0.1704696310898605;
 -0.3354052783814778, 0.07665101766031285, -0.9389504357129197]
第2幅图像的平移向量：
[178.968, -76.6324, 322.573]
第3幅图像的旋转向量：
[2.83112, 0.290423, -0.73047]
第3幅图像的旋转矩阵：
[0.8583221814262977, 0.2387282674371137, -0.4541936230266521;
 0.1383057972652199, -0.9600534817414491, -0.2432464154698954;
 -0.4941199644969169, 0.1459661828047682, -0.857052702091867]
第3幅图像的平移向量：
[-114.742, 67.5697, 308.27]
第4幅图像的旋转向量：
[-0.0402587, -2.79534, 1.34813]
第4幅图像的旋转矩阵：
[-0.9989461233379876, 0.006905188990944819, -0.04537577583915625;
 0.03980764114721347, 0.6224590766528833, -0.781639334731009;
 0.02284719620217542, -0.7826218858794066, -0.6220779608443464]
第4幅图像的平移向量：
[126.114, -26.0478, 261.593]
第5幅图像的旋转向量：
[0.272068, -2.81048, 0.800278]
第5幅图像的旋转矩阵：
[-0.9616967085446134, -0.23163804709682, -0.1465716749976892;
 -0.1196805503227944, 0.8358672778816754, -0.5357261050584629;
 0.2466090157494043, -0.4976642531906922, -0.8315733788711978]
第5幅图像的平移向量：
[194.064, 7.45605, 278.406]
第6幅图像的旋转向量：
[0.621783, -3.06205, 0.0104874]
第6幅图像的旋转矩阵：
[-0.9206597134094423, -0.3900639834880257, -0.015355158426298;
 -0.3899496520653568, 0.9207822327579954, -0.009967381366587931;
 0.01802667354091504, -0.003188827786662121, -0.9998324211678656]
第6幅图像的平移向量：
[175.693, -9.51202, 232.624]
第7幅图像的旋转向量：
[0.291521, 2.7786, -1.34756]
第7幅图像的旋转矩阵：
[-0.9815519062459656, 0.1855701759022252, -0.04603873543580982;
 0.1510511883947621, 0.6050206342396228, -0.781750324994377;
 -0.1172151604078644, -0.7742827274064049, -0.6218897524567015]
第7幅图像的平移向量：
[109.629, -40.0366, 280.568]
第8幅图像的旋转向量：
[2.82692, 0.238749, -0.732604]
第8幅图像的旋转矩阵：
[0.8632309053637297, 0.2079774897139199, -0.4599758339274054;
 0.1029776477915024, -0.9645762343946882, -0.2428750544957072;
 -0.4941943019504019, 0.1622900237638155, -0.8540690487931847]
第8幅图像的平移向量：
[-102.497, 88.8661, 264.349]
第9幅图像的旋转向量：
[0.0570836, -2.83368, 0.742577]
第9幅图像的旋转矩阵：
[-0.9769299587944212, -0.09051366235113675, -0.1934299163462435;
 0.01598259410766802, 0.8722131335534974, -0.4888648139745562;
 0.2129610581667923, -0.4806781944134478, -0.8506444974958151]
第9幅图像的平移向量：
[164.033, -86.6104, 282.499]
第10幅图像的旋转向量：
[0.390161, -3.07553, -0.268837]
第10幅图像的旋转矩阵：
[-0.9681232251667897, -0.2452099894597732, -0.05108308880433259;
 -0.2503539958427281, 0.9536425805155959, 0.1669991179411829;
 0.007765156677922207, 0.1744645800633807, -0.9846328313869468]
第10幅图像的平移向量：
[175.358, -58.249, 222.784]
第11幅图像的旋转向量：
[2.26141, 0.0370377, -0.0542342]
第11幅图像的旋转矩阵：
[0.9986198829525255, 0.045265342873372, -0.02663415300775772;
 0.008335876529114439, -0.6373039720806338, -0.7705674275056907;
 -0.05185405031794467, 0.7692819352518313, -0.6368017443135825]
第11幅图像的平移向量：
[-100.069, 78.3293, 145.669]
第12幅图像的旋转向量：
[-0.508094, 2.92246, -0.25178]
第12幅图像的旋转矩阵：
[-0.9286136692081083, -0.3189742600263816, 0.1895575764786953;
 -0.3466954509960853, 0.9279244381446273, -0.1369616784089567;
 -0.1322078576275823, -0.1929032361952484, -0.9722702421893438]
第12幅图像的平移向量：
[175.06, -31.0207, 245.255]

