第1幅图像的平均误差：0.0748227像素
第2幅图像的平均误差：0.0653816像素
第3幅图像的平均误差：0.290313像素
第4幅图像的平均误差：0.248256像素
第5幅图像的平均误差：0.0693873像素
第6幅图像的平均误差：0.066331像素
第7幅图像的平均误差：0.0700078像素
第8幅图像的平均误差：0.071498像素
第9幅图像的平均误差：0.0705318像素
第10幅图像的平均误差：0.0684191像素
第11幅图像的平均误差：0.0940534像素
第12幅图像的平均误差：0.0747019像素
第13幅图像的平均误差：0.0707874像素
总体平均误差：0.102653像素

相机内参数矩阵：
[224.1073060628731, 0, 315.8351828442915;
 0, 227.9510986943261, 233.4523127884099;
 0, 0, 1]
畸变系数：
[-0.040087, -0.0436213, 0.0303138, -0.00559813]
第1幅图像的旋转向量：
[0.117969, -2.64686, 0.0927406]
第1幅图像的旋转矩阵：
[-0.8783792204870927, -0.100093680656468, -0.4673662376649905;
 -0.0671372614577488, 0.9939701330046512, -0.08669465276861213;
 0.4732256683025988, -0.04477309222465387, -0.8798027262245789]
第1幅图像的平移向量：
[115.693, -96.4348, 162.186]
第2幅图像的旋转向量：
[0.219281, -2.64243, -0.289646]
第2幅图像的旋转矩阵：
[-0.8768397895437284, -0.104303702294861, -0.4693322076743667;
 -0.2034954917784497, 0.9649461054879081, 0.1657365328754218;
 0.4355933519910019, 0.2408313750143528, -0.8673284732498635]
第2幅图像的平移向量：
[135.236, -94.0691, 152.386]
第3幅图像的旋转向量：
[0.00424226, -2.89563, 0.882806]
第3幅图像的旋转矩阵：
[-0.9934621939138147, -0.03595439389998927, -0.1083519765543496;
 0.03061007658494931, 0.8304635440178483, -0.5562313594798286;
 0.1099813278489283, -0.5559114890129536, -0.8239335676545696]
第3幅图像的平移向量：
[103.244, -115.194, 242.422]
第4幅图像的旋转向量：
[0.0484101, -2.8831, 1.11172]
第4幅图像的旋转矩阵：
[-0.9981990954801232, -0.04761934622563767, -0.03648237448010606;
 -0.0107982838367704, 0.7408615264715196, -0.6715709907824131;
 0.0590081591717992, -0.6699676085150194, -0.7400415128165594]
第4幅图像的平移向量：
[120.467, -74.2902, 256.443]
第5幅图像的旋转向量：
[0.0589315, 3.00282, -0.557525]
第5幅图像的旋转矩阵：
[-0.9954844653768109, 0.05369588769158987, 0.07827790772917435;
 0.022018539776821, 0.9327603088209581, -0.3598241100792544;
 -0.09233560039086504, -0.3564757466269521, -0.9297307023903295]
第5幅图像的平移向量：
[125.577, -87.8752, 279.144]
第6幅图像的旋转向量：
[-0.124553, 3.12066, -0.271071]
第6幅图像的旋转矩阵：
[-0.9968204333269173, -0.07852152500606345, 0.01354229717068314;
 -0.07968051104389805, 0.9818892431944049, -0.1718852240854392;
 0.0001996540011618307, -0.1724177607146101, -0.9850238961205151]
第6幅图像的平移向量：
[186.879, -66.3483, 220.808]
第7幅图像的旋转向量：
[0.211718, -2.93693, 0.0472279]
第7幅图像的旋转矩阵：
[-0.9704859663975309, -0.145145721781598, -0.1925868855191065;
 -0.1388784066989836, 0.9892531908516417, -0.04572649716080672;
 0.1971541964509054, -0.01763076397506639, -0.9802139455156987]
第7幅图像的平移向量：
[205.279, -95.7396, 175.704]
第8幅图像的旋转向量：
[0.0363178, -3.05339, -0.0259788]
第8幅图像的旋转矩阵：
[-0.9958587553682151, -0.02299089285354811, -0.08795884379791667;
 -0.02448419614236299, 0.9995731913407756, 0.01593610027833459;
 0.08755491702772571, 0.01802370657260901, -0.995996627758173]
第8幅图像的平移向量：
[115.322, -147.407, 211.894]
第9幅图像的旋转向量：
[0.0366636, -2.54561, 0.0624537]
第9幅图像的旋转矩阵：
[-0.8277973135433694, -0.04005416149623219, -0.5595956324322182;
 -0.0125644023185397, 0.9985215680691741, -0.05288491179018109;
 0.5608865691784377, -0.03674700324531392, -0.8270767281623456]
第9幅图像的平移向量：
[128.817, -120.992, 159.946]
第10幅图像的旋转向量：
[0.0840078, -2.83801, -0.379803]
第10幅图像的旋转矩阵：
[-0.9601789190173634, -0.02073689853945929, -0.2786151907445314;
 -0.09326776737878877, 0.9638240251549798, 0.2496885502025043;
 0.2633582484807028, 0.2657314990230111, -0.9273775948254087]
第10幅图像的平移向量：
[138.797, -98.3822, 166.052]
第11幅图像的旋转向量：
[0.0379111, -2.98969, -0.1593]
第11幅图像的旋转矩阵：
[-0.9888341220969011, -0.01733322280566148, -0.1480089131235687;
 -0.03296322626109362, 0.9940505763737241, 0.103811739825156;
 0.1453289533826992, 0.1075314419053108, -0.9835224879536075]
第11幅图像的平移向量：
[135.055, -93.9448, 198.83]
第12幅图像的旋转向量：
[0.0829241, -3.1097, -0.275552]
第12幅图像的旋转矩阵：
[-0.9984168309177959, -0.05123316373700274, -0.02321625881926145;
 -0.05451724221594412, 0.9830210093017955, 0.1752072075356736;
 0.0138456506251439, 0.1761955113071216, -0.9842578116296504]
第12幅图像的平移向量：
[156.876, -98.4043, 189.497]
第13幅图像的旋转向量：
[0.00524184, -2.96738, 0.39707]
第13幅图像的旋转矩阵：
[-0.9890980018384922, -0.02297726377009333, -0.1454551068499885;
 0.01607345904548045, 0.9650046197814859, -0.2617398091897822;
 0.146378914715936, -0.2612242889741111, -0.9541148170825955]
第13幅图像的平移向量：
[153.938, -107.931, 202.341]

